7.51173e+08
765572
1.50751e+08
9.0092e+09
1.50751e+08
7.51173e+08
765572
1.20174e+09
1.50751e+08
7.51173e+08
1.50751e+08
765572
1.50751e+08
1.50751e+08
9.0092e+09
9.60975e+09
9.0092e+09
1.20174e+09
1.20174e+09
765572
7.51173e+08
765572
9.0092e+09
765572
9.0092e+09
765572
9.0092e+09
1.50751e+08
9.0092e+09
765572
9.60975e+09
9.0092e+09
9.60975e+09
9.0092e+09
1.20174e+09
765572
1.20174e+09
1.50751e+08
7.51173e+08
1.50751e+08
765572
1.50751e+08
1.50751e+08
1.50751e+08
765572
9.0092e+09
9.0092e+09
1.20174e+09
765572
1.20174e+09
9.60975e+09
1.20174e+09
765572
9.0092e+09
1.50751e+08
7.51173e+08
7.51173e+08
1.20174e+09
7.51173e+08
1.50751e+08
9.0092e+09
1.50751e+08
1.50751e+08
1.20174e+09
765572
1.50751e+08
765572
765572
1.50751e+08
7.51173e+08
765572
9.0092e+09
1.20174e+09
765572
765572
1.50751e+08
9.0092e+09
765572
765572
1.20174e+09
9.0092e+09
1.20174e+09
1.20174e+09
1.50751e+08
9.60975e+09
1.20174e+09
765572
9.0092e+09
9.60975e+09
9.0092e+09
1.50751e+08
9.0092e+09
765572
765572
9.0092e+09
765572
765572
9.0092e+09
7.51173e+08
1.50751e+08
