880000
4.08e+06
2.16e+06
4.08e+06
560000
2.16e+06
2.48e+06
2.16e+06
2.16e+06
2.16e+06
880000
2.16e+06
2.48e+06
240000
2.16e+06
4.08e+06
2.48e+06
240000
880000
2.16e+06
4.08e+06
2.16e+06
560000
2.48e+06
4.08e+06
4.08e+06
2.16e+06
560000
880000
4.08e+06
880000
240000
2.16e+06
240000
560000
240000
880000
560000
4.08e+06
240000
2.16e+06
2.16e+06
2.16e+06
880000
2.16e+06
240000
240000
2.48e+06
240000
2.16e+06
2.16e+06
4.08e+06
2.16e+06
2.16e+06
2.16e+06
240000
240000
4.08e+06
2.16e+06
2.48e+06
2.16e+06
2.48e+06
2.16e+06
2.16e+06
560000
2.48e+06
880000
4.08e+06
240000
240000
240000
560000
2.48e+06
2.16e+06
2.16e+06
4.08e+06
560000
2.16e+06
2.16e+06
4.08e+06
2.16e+06
240000
2.16e+06
560000
2.16e+06
240000
2.16e+06
4.08e+06
4.08e+06
240000
880000
240000
2.16e+06
4.08e+06
4.08e+06
2.16e+06
560000
2.16e+06
2.48e+06
2.16e+06
