640000
6.008e+07
2.066e+07
2.024e+07
2.58e+06
2.66e+06
2.24e+06
2.24e+06
1.2018e+08
2.66e+06
2.24e+06
2.066e+07
4.016e+07
2.066e+07
320000
320000
2.068e+07
1.0058e+08
2.24e+06
320000
1.2048e+08
2.024e+07
2.066e+07
980000
2.24e+06
2.66e+06
2.24e+06
3.08e+06
2.024e+07
4.16e+06
2.056e+07
3.08e+06
4.16e+06
320000
2.024e+07
6.008e+07
1.2048e+08
2.024e+07
6.008e+07
4.58e+06
4.16e+06
2.58e+06
2.56e+06
320000
1.2048e+08
3.08e+06
4.058e+07
4.16e+06
2.024e+07
2.66e+06
1.2048e+08
4.058e+07
2.66e+06
2.066e+07
1.2048e+08
2.66e+06
1.0058e+08
4.058e+07
2.056e+07
4.016e+07
640000
4.016e+07
4.016e+07
2.24e+06
2.24e+06
4.016e+07
4.58e+06
2.24e+06
1.0058e+08
2.066e+07
1.0058e+08
6.008e+07
3.08e+06
1.0058e+08
2.24e+06
320000
1.2048e+08
1.2018e+08
1.2018e+08
320000
2.066e+07
2.108e+07
2.66e+06
2.56e+06
2.66e+06
4.16e+06
2.66e+06
2.024e+07
2.024e+07
4.16e+06
1.0058e+08
1.2048e+08
4.58e+06
2.056e+07
320000
2.66e+06
2.66e+06
320000
2.56e+06
2.066e+07
