1.4008e+08
2.66e+06
2.58e+06
2.24e+06
1.4008e+08
2.24e+06
2.024e+07
1.2018e+08
4.058e+07
2.056e+07
1.4008e+08
3.08e+06
4.016e+07
4.58e+06
6.008e+07
320000
2.68e+06
4.16e+06
4.16e+06
320000
2.66e+06
2.108e+07
4.016e+07
2.24e+06
2.108e+07
1.2018e+08
4.16e+06
6.008e+07
1.2018e+08
960000
960000
960000
2.56e+06
980000
2.068e+07
1.2048e+08
1.0058e+08
2.066e+07
2.24e+06
2.24e+06
2.024e+07
2.66e+06
2.58e+06
2.24e+06
4.16e+06
320000
2.108e+07
960000
2.58e+06
6.008e+07
4.016e+07
2.066e+07
2.68e+06
2.24e+06
2.58e+06
2.066e+07
4.016e+07
2.024e+07
6.008e+07
2.024e+07
2.066e+07
4.058e+07
4.058e+07
4.58e+06
2.108e+07
2.58e+06
980000
4.016e+07
2.066e+07
4.16e+06
2.24e+06
2.66e+06
2.056e+07
320000
320000
2.024e+07
2.066e+07
4.58e+06
4.016e+07
2.24e+06
2.024e+07
640000
4.016e+07
2.056e+07
4.016e+07
2.66e+06
2.024e+07
4.16e+06
4.58e+06
2.066e+07
2.066e+07
1.2018e+08
960000
3.08e+06
2.66e+06
4.58e+06
2.24e+06
1.0058e+08
2.24e+06
4.016e+07
